Gene	Si	Koni	Koffi	SKoffi	Exi	Pij(Cell1)	Pij(Cell2)	Pij(Cell3)	Pij(Cell4)	Pij(Cell5)	Pij(Cell6)	Pij(Cell7)	Pij(Cell8)	Pij(Cell9)	Pij(Cell10)	Pij(Cell11)	Pij(Cell12)
NM_001001130	0.007912279579053964	0.00017855848497760012	0.07118762284545317	0.11114684354935346	1.979655668857618e-05	0.19809172242597867	0.9799030899282112	0.9638767848399467	0.16386541651612668	0.08634430870075685	0.9733168063400119	0.999073473069918	0.999982700345406	0.7619728820884438	0.5656991326646363	0.9993984101487217	0.1044882305294555
NM_001001144	0.03200528706188424	6.157062607641503e-05	0.05010079705459723	0.6388179219385781	3.9284141743469133e-05	0.06119683110978865	0.8295462127940328	0.3949965370340351	0.2357485541372794	0.2956662631788849	0.2573604458491248	0.3862545282764774	0.6066866375417199	0.3474625770122988	0.17328980590361187	0.7076043079379114	0.025773283201753393
NM_001001152	0.002507264347790535	9.52064629954082e-09	0.21120176831310214	0.011871417402498112	1.1302356106847229e-10	0.9481368949398737	0.9519478308793791	0.9622038162958656	0.7606318419190061	0.9888112361483753	0.695563609361587	0.539057996720711	0.9721965896090221	0.05617801665427498	0.6579393491047225	0.9973320000601933	0.9956507423657345
NM_001001160	0.015030942369239778	1.7887152458900115e-07	0.2612522979870779	0.05753420155555241	1.0291223302164081e-08	0.9910577245397418	0.9998965111797155	0.10865763033062455	0.9984544901153112	0.9987162785205511	0.9993323332603448	0.9999276906143522	0.9959102356023366	0.9949333446377089	0.996040709079022	0.990905979937643	0.991951111996808
NM_001001176	0.07195145867626021	2.1598052643489827e-06	0.33748888457931236	0.21319652872701084	4.60460038309914e-07	0.9990476569131962	0.9945671322226584	0.15853322647993023	0.8146697237965179	0.8457795168511296	0.9999390473081735	0.9920097949458561	0.997459878179628	0.9996754838281002	0.9996471353423436	0.9911490054107654	0.9988054225192475
NM_001001177	0.0008279905629829991	1.183948463860651e-05	0.3796417528869979	0.002180978663928607	2.582085814099817e-08	0.8435701894537964	0.9833843868362746	0.6947630669877611	0.5914611606695439	0.6936315004709943	0.5354354684400082	0.5241560856196726	0.49761355013994674	0.9997887065834256	0.7112762964072968	0.5237217432453753	0.5872170902386518
NM_001001179	0.031901851505898346	1.4786669841345496e-05	0.19038147579293527	0.16756804396555774	2.4775809117449114e-06	0.7810308110536825	0.6732850515134619	0.9962786123422206	0.7441118774739379	0.8466259903263714	0.16260875911661762	0.7380440433573715	0.06094753875501224	0.9906218590879224	0.15855213128321968	0.9979083916000718	0.4230925437692366
NM_001001180	0.30512337475976536	0.0007375149079283612	0.07276822858824882	4.193085096055768	0.0030614347524345834	0.7466617061324432	0.40966968421896405	0.3307642837202654	0.37973436069693517	0.33336923194944085	0.38907168529248903	0.4713298768910666	0.6851153477168032	0.4188287956790173	0.6270002888200191	0.19120214949810785	0.5067283803644592
NM_001001181	0.031514522040959086	3.463198783698314e-05	0.1612917530797581	0.19538830373661625	6.765232751936614e-06	0.4472834228618368	0.9939710230004807	0.9953607670123913	0.03823944077792661	0.991033355704045	0.569775484215468	0.7053631071094327	0.9916455851048451	0.4996520907715298	0.3674790980523214	0.673293131556841	0.8600734971796001
NM_001001182	0.00185000320313061	7.059120243748006e-06	0.2975963125554861	0.006216485638697831	4.388187871892637e-08	0.960524723640381	0.9972516280455399	0.964037450242474	0.9998468539628462	0.9961427137360253	0.5324413284601481	0.7993910821347606	0.06502659671272454	0.9797426276128636	0.5122029348949194	0.6688023779502957	0.953140793766816
NM_001001183	0.089706347276937	4.290872453310232e-06	0.12549983438457477	0.7147925550407168	3.066978823440191e-06	0.7060254049730414	0.9154017499443267	0.6403465414633708	0.6913539865966823	0.6270854523901775	0.019914381618036985	0.6176553171531268	0.4371204365871065	0.6312338667053888	0.8795252499804068	0.037290687272004124	0.6654754282680245
NM_001001184	0.4154176280566003	0.0003688260329378323	0.09249393996257016	4.491295626769806	0.0016499275476671814	0.7540881408020099	0.48580192816714446	0.570751194524128	0.6341312989706118	0.594043627010495	0.6684552331843077	0.6433840805596114	0.637260297666764	0.7668106748228912	0.6466003540783966	0.12450007291443306	0.605613786728222
NM_001001185	0.01573881673124068	1.7267696736781618e-06	0.4069616260052349	0.038673957753054156	6.678073405326163e-08	0.43092599380263846	0.9923310728988318	0.2623903532325587	0.9982693998824176	0.9678086094190306	0.2998355544018557	0.9545005137453683	0.9990966458205585	0.9693275331187361	0.9960023539059523	0.9273676414733352	0.20899884561318235
NM_001001186	0.2745832952918829	0.00011945678673893781	0.09692368265254504	2.832984548020296	0.00033800264848479495	0.9418954272124964	0.8098119464675329	0.9957532030548283	0.9806917566637291	0.9998545040686181	0.8591907221803016	0.992719267099244	0.91923634345729	0.9418009214185575	0.9358582374899937	0.00408135314845919	0.8500816045336149
NM_001001187	0.0560543811009873	9.091619803448236e-07	0.11464610690674484	0.48893401279280174	4.44516690240133e-07	0.5721836428966439	0.8886750061668037	0.8231670023254695	0.7504735873276864	0.9848431476471496	0.004435171304307664	0.484474514298577	0.5720933915068211	0.30165264340424736	0.8749223746263116	0.9962425935025453	0.6857335564562261
NM_001001295	0.016786856080925068	7.95852597624317e-09	0.5171975071644874	0.03245734143800937	2.583125909793319e-10	0.999819510121101	0.9999837498341005	0.9991274589434015	0.9975357635770051	0.9918982729748108	0.9614648357506108	0.9871871509253388	0.9970780902344408	0.9964764599084622	0.9980290171395195	0.12304066211720288	0.9991115093670142
NM_001001297	0.00019765326147445442	1.2987787734127742e-05	0.08145879581809537	0.002426420124302248	3.1508805765295434e-08	0.9964904764450553	0.9998147290608922	0.12137213422372826	0.11574045128331373	0.7010193922186538	0.7037275254080781	0.5747486335954721	0.5416944511053216	0.9928511477328488	0.8599089278723274	0.053560988847588524	0.6005233448144189
NM_001001309	0.00031425335898216497	0.02307316452188537	1.7099012901705027e-05	18.37845031106031	0.00031402064521380353	0.9981017255182211	0.7968667219382964	0.9984084458710978	0.9125941878618792	0.9879201992489554	0.4611436648668717	0.6117113309641217	0.9745739252096516	0.8271548872265566	0.8004108553892575	0.6420484180736598	0.9998756628748274
NM_001001319	0.11312622772938243	2.588660675144769e-05	0.19743088491044733	0.572991544766136	1.4830862208491881e-05	0.9980413718324158	0.8558107754316356	0.9967623006262104	0.9948486978432994	0.9908938619010763	0.19540922718268927	0.8110648778678683	0.9986258306279433	0.4932262912818912	0.8185839285233515	0.06896915184258377	0.979276419093195
NM_001001320	0.022219512178447136	6.742058341628853e-05	0.33830752756032323	0.06567844451668371	4.42719676061796e-06	0.06478944186775545	0.9377735895524663	0.8344632278997516	0.9577707217089693	0.7629286594739165	0.9376508267887758	0.9484827156546178	0.36847994103568144	0.8930789346620427	0.9914550125923487	0.8358147760420214	0.9042431727317806
NM_001001321	0.009923925801468999	2.599255638513202e-05	0.3216348307196017	0.03085463654314413	8.019260733385252e-07	0.4169224369243271	0.999884910850822	0.9988707014518188	0.5392838953050169	0.4489187959379796	0.9088187752531759	0.5271238318067762	0.6850394306735013	0.43480146152453436	0.893663469777667	0.2953831973936507	0.3004660481815285
NM_001001322	0.03229933899354244	5.426189449309125e-06	0.17872744392228676	0.18071840722786062	9.80582543976675e-07	0.2163378152042935	0.37849550808143306	0.800353976876168	0.5625036858933431	0.7885597716284728	0.5241083436900323	0.4078827795359938	0.9482300442470067	0.8574249314483142	0.3512531325791175	0.6600918459552104	0.7048005510892156
NM_001001326	0.03703074657960436	3.598745104284462e-05	0.32263004571327286	0.1147777371377068	4.130097508388365e-06	0.9998914493441383	0.3979251597270913	0.9993357623230196	0.9963107748055797	0.9944856600970247	0.9999601517280358	0.7334250831312806	0.7449502111671095	0.9999979266963492	0.9997789926631024	0.5686467759640427	0.9890014181671702
NM_001001327	0.00026440922873597136	4.661787326681115e-06	0.3314858294809071	0.0007976486631420266	3.7184161357481434e-09	0.8445354362668985	0.8706930328784895	0.934324258821722	0.9981045155201149	0.4479931590596875	0.9809929071870457	0.37123296301349507	0.9067012477951872	0.48875812194115487	0.7912725995904125	0.9789730381804858	0.9995503418251764
NM_001001332	0.04130950211789667	0.014087608223487038	0.00014063165793649213	293.74255216810167	0.04090119976849956	0.5531177167730416	0.9681276283436709	0.011746604672818618	0.9998777082972197	0.9982789207128356	0.6065451664589566	0.8277951966511634	0.947835706852734	0.5367542796971928	0.7308305256120488	0.9999815008222114	0.6282930499939956
NM_001001333	0.018344985814912406	0.005498652707111213	0.00014560119942257985	125.99474377727869	0.017871751977053082	0.18340395167787715	0.073695401297738	0.9841586773217463	7.207086837568346e-06	0.3491867286771072	0.9904893472822682	0.9958967104138925	0.982288273159719	0.8625152472164326	0.9979522049836881	0.9997203958777222	0.9997089453821475
NM_001001334	0.0007700816156055479	3.5382502942999965e-05	0.07647479126116026	0.010069744590419748	3.561279982780186e-07	0.9995600879088885	0.7362829414434465	0.849021959619755	0.7910597887688483	0.1662364998120365	0.043942927891893906	0.2964158007688609	0.5507542461539678	0.9404391165760505	0.9998902802023176	0.22777409206120905	0.6692283908493543
NM_001001335	0.00030488886068725303	1.5589810561045857e-05	0.18968898422613867	0.0016073092590541697	2.5055587638956157e-08	0.7526451671566518	0.5970978802252275	0.7670225674983997	0.7702958919646314	0.4427306851521743	0.2798582965932514	0.7337959057703549	0.9985891350570911	0.9928700510025427	0.8299527695190183	0.996706707454314	0.4200363098514572
NM_001001444	0.08488830147501861	6.2837419455671085e-06	0.1725543092758391	0.49195121136800607	3.0911818934902775e-06	0.5552652230294134	0.6599836156229199	0.6918245156674689	0.469932922731234	0.9566184774483716	0.800650210804881	0.624442677187224	0.7756483145657589	0.12432471535036735	0.8333883445367054	0.661811635024282	0.3894957336811367
NM_001001445	9.85056981106643e-05	0.00012099497527987108	0.1742614036550953	0.0005652754772114109	6.834803627795832e-08	0.5655549076667198	0.524878144673258	0.49696848819349954	0.9673468486933084	0.3674569723222277	0.9520128831659419	0.271133034415997	0.7651213908070028	0.8393358214442326	0.6016025808682425	0.5499653049486959	0.6586554085483218
NM_001001446	0.04346223704988246	2.7876989026045517e-08	0.09685833097456333	0.44871965697299077	1.250894935298136e-08	0.8285313532649087	0.2955126133223385	0.6294374389222086	0.5520668595834496	0.2004041340176447	0.5767897087848396	0.1759248709799635	0.313731650517868	0.04043040683947998	0.1811902129988712	0.5209515627312334	0.04400517058662978
NM_001001447	4.904489929746095e-05	3.691257354674038e-05	0.2808003817654595	0.00017466108482155142	6.446342736177525e-09	0.5002852341120254	0.7661983659848686	0.9778834609086684	0.6787605000575033	0.9999642344612275	0.6688176932107446	0.7800022549201082	0.9997646337179921	0.9996943124554342	0.5566134238490771	0.56710542234733	0.9727447541515072
NM_001001449	0.07692663984760503	0.0015406877283671305	0.1419592492969449	0.5418924108755524	0.0008259232195817423	0.7036404124779437	0.6385087204843157	0.7459217385615634	0.8132772178852579	0.6935823579381853	0.7541298191620144	0.8829745353232981	0.7282854618373874	0.9608008621235672	0.543159872180293	0.04199541906608347	0.8670219548059855
NM_001001450	0.06145772434915555	9.115789339485402e-05	0.2329211826258683	0.26385631249293695	2.4043175876547613e-05	0.596359325407615	0.540162245458624	0.6737762012301135	0.7774423374405308	0.6167994637864967	0.676190783483729	0.8260125829408582	0.6444142222585214	0.9452770758762643	0.4200525991468449	0.02710809578189675	0.8115062435349952
NM_001001451	0.22726537821243434	0.00012210710496074947	0.4736244015332234	0.47984305174464775	5.8577143863500816e-05	0.8923716172703043	0.9550409003317617	0.9193366287380996	0.9534773031385875	0.8646788087893016	0.8029452962058988	0.8558285757006312	0.7408824824611897	0.9328407459545954	0.974235714749055	0.9116049588322994	0.8858397625547139
NM_001001452	0.016562033419566618	5.481601087202489e-06	0.1671667173088786	0.09907494557642409	5.430715214069495e-07	0.9405466604705003	0.790546065483015	0.9731527998124275	0.03286599654637983	0.9400702124477508	0.36380406199406906	0.7503350509919458	0.14651684627019548	0.762203624688437	0.5116262805279869	0.988950775767753	0.35254175953559286
NM_001001453	0.00568166598645459	4.503515537818493e-06	0.6977400770273569	0.008142954910459908	3.667168726811782e-08	0.9884162280044267	0.9958383465209166	0.9981388769921923	0.9986865458816305	0.9953192208033257	0.9864760557716161	0.7924398097489789	0.9976318787682844	0.14260089538207954	0.9811380921892011	0.8664916263184382	0.9842919979884591
NM_001001454	0.13806426794052826	0.00013850908539065962	0.2004378486465668	0.688813359716197	9.534102470406302e-05	0.9870839665579186	0.919704863478043	0.030657248197630604	0.943937220752164	0.8855195075360526	0.9362872188301945	0.9775584259650267	0.48104363511172293	0.8955679694053047	0.7776039645660486	0.7722031641135102	0.8614810500327663
NM_001001488	0.00023606258688460945	6.205337827451794e-06	0.1779562436589296	0.001326520396424226	8.231220172003176e-09	0.5997173184824067	0.8809479533639583	0.8731185833269494	0.9923439984952577	0.494062436792607	0.8170261146434414	0.5855865442415019	0.7219740478339335	0.9915742212304489	0.5786548838709685	0.6642581161109258	0.3609709487844487
NM_001001489	0.024959253737438562	1.483458109412135e-06	0.1377663564034873	0.18117089243718115	2.6875653562453445e-07	0.4622253298451811	0.3745859071974722	0.016725119645077904	0.9937858780960327	0.9828824973835503	0.98801684215767	0.539618794887592	0.9792466073101062	0.5047157012218684	0.992315429951628	0.9773553197914301	0.5050859484129864
NM_001001490	0.04129392125206698	4.113172583246024e-06	0.10925210485614996	0.3779691137890465	1.554593668106412e-06	0.999973875984649	0.999590080622769	0.9987597152147949	0.33549631702215454	0.7419144012770401	0.9988783011059427	0.9997792565058654	0.9760659748370818	0.0044758033734734115	0.9720658578384741	0.9901234661487723	0.9999146198430015
NM_001001491	0.0577748359433351	3.715672572332426e-07	0.23735385571352374	0.2434122494857085	9.044388033237201e-08	0.6503477706900864	0.7611121873871295	0.9673546510312623	0.6702102286308063	0.7950433547563741	0.08776558151573556	0.6948446495823428	0.20959856015005085	0.74869225759265	0.7476709116673331	0.6732736382101034	0.570791802662708
NM_001001492	0.2311114585685132	1.1316795455836909e-05	0.36572996075450637	0.6319183095957652	7.151068978706421e-06	0.6941292530005295	0.6741021607260634	0.3470591914021214	0.31377106635281915	0.505325211121174	0.7779079845157698	0.6368339137858906	0.4382227894000924	0.35428056398947777	0.6513708603866452	0.9245242597412819	0.2855972216598228
NM_001001493	3.3899968930140496e-05	1.0320043260275253e-05	0.3505587827696258	9.670266613293866e-05	9.979463194957215e-10	0.4630079896234794	0.7686574959430641	0.9845579333830119	0.9849588289087269	0.7058359576431875	0.7771217681736632	0.6350178508954507	0.7514207618879651	0.9987372521217999	0.999825371492306	0.6495727622703892	0.6428425829699526
NM_001001495	0.12090126693800349	1.3015746260277218e-05	0.10212691991383517	1.183833479360861	1.5406512671476907e-05	0.4278037335754597	0.36063902716494955	0.2695618148865802	0.6222111144625132	0.1625083102047068	0.7106871818844422	0.31959542149685743	0.6118831924717292	0.23991470739480666	0.5622097484109773	0.6812973147216643	0.7398523080185376
NM_001001496	0.007712204518176596	2.8264853358802517e-06	0.09029891057041123	0.08540750347328885	2.413955001162211e-07	0.9999998062054192	0.9914829548626624	0.05355526679917278	0.9996504063179524	0.9999989028452222	0.5967716776619081	0.9999995820286375	0.4048422237805856	0.4111554644841926	0.7576163945939982	0.9589757744765265	0.30387338141310166
NM_001001559	0.003769799780268114	8.210589631809296e-06	0.13647262812071392	0.02762311997782895	2.267884582359329e-07	0.5251799937404265	0.995806831740943	0.9162510009620952	0.11988543595661609	0.5820462269186121	0.9999046087594903	0.9884860772042919	0.975147389448832	0.2854028023217039	0.5540159563298724	0.11630377990080427	0.30922518240729757
NM_001001565	0.05586114249934806	3.130641629624651e-05	0.12182963083696602	0.45851852390574965	1.4350884059212522e-05	0.8515588437757332	0.999824426889883	0.06037125462042474	0.9956304162680165	0.6916469652289273	0.9990395409432321	0.9999406401571712	0.9988063783945585	0.9990633672006949	0.9997533991090861	0.9969041192821138	0.9981585134023147
NM_001001566	0.17400402355675532	2.7973820167303462e-05	0.42910037287860386	0.4055089078330457	1.1342893800443145e-05	0.8415781794850158	0.9940902081179512	0.8131234955318773	0.8731827307132483	0.9022033378566282	0.9918748975608815	0.8090898857888364	0.9907212102329018	0.07151381566985533	0.682573381478062	0.8618747648323949	0.8864300015439761
NM_001001602	0.010661657399936353	9.802936110328426e-07	0.12132340197283119	0.08787799572520967	8.614554170344609e-08	0.9353445661311262	0.9465270326126337	0.07267921206744857	0.9999246505551329	0.9708049232363017	0.06751792723244875	0.5973549839465946	0.9952575562902531	0.15473281570329764	0.9579415545228915	0.9999595301684765	0.3979364747181979
NM_001001650	7.411007191343054e-05	0.00010839883327937763	0.08520719821121615	0.0008697630419641605	9.416150865681545e-08	0.47638970864883884	0.9948536513172043	0.9892333365485927	0.6697034833243232	0.39951060055372334	0.2309485371301229	0.7787082448554865	0.49356621153878727	0.41477216811250694	0.41055148186746027	0.4612610577951497	0.985653397962071
NM_001001714	0.03653904611043833	3.893746692846696e-07	0.4017124249465468	0.09095821747435455	3.54167915187609e-08	0.9979094686643517	0.9979115405428239	0.9981974678379707	0.9007709558557228	0.9989864819071347	0.9979987318600877	0.9940750358650017	0.9982815415369457	0.9999995273064805	0.9997796767416408	0.25951467473185225	0.9957197076437426
NM_001001735	0.005924579691013166	3.4619916158976015e-06	0.1857158833689887	0.031901308512433176	1.1044000385732358e-07	0.7854982665923403	0.6364490913771755	0.6287281823589909	0.02713041897116173	0.6921470976146693	0.8254851087785373	0.7154876784706999	0.7469622018109934	0.884260880465065	0.3371944727659916	0.7628268262952212	0.550187740982097
NM_001001738	8.388675077921084e-05	0.00010217950781425553	0.13909024891779323	0.0006031102211111189	6.15802669994941e-08	0.0562598145917699	0.8293922207774488	0.9999999039338209	0.6981702475407074	0.4543598178764471	0.5734054564750813	0.43512927087214714	0.9601820653754856	0.15178657403748727	0.5649454332040299	0.4961301930022721	0.2659594086423072
NM_001001792	0.05357277552301685	7.606014620150879e-06	0.1566977917538637	0.34188596356971895	2.6002634221453576e-06	0.6973786917767496	0.24339085652565728	0.6215596150534618	0.8085405780261611	0.5618416309532951	0.7743986316099052	0.6654724202769035	0.8349646439491559	0.8586060139908056	0.5719842076810132	0.5309924385335849	0.8724646953368895
NM_001001796	0.02989617445633826	0.07111419981879535	3.0296547511408047e-05	986.7848620401705	0.02988344331175102	0.546776494528154	0.2014793910789157	0.06811927674051305	0.752903159834138	0.4622324402366457	0.6109397978976345	0.7513846583245127	0.2925489973929778	0.7152243227703244	0.7976536105334051	0.9376288983561981	0.8896311986432711
NM_001001798	0.01395152139469016	1.0462505372780845e-07	0.2481465096552563	0.05622292013727156	5.882323559954974e-09	0.7819057757361952	0.9976447864444185	0.9999447937346869	0.8161625390290108	0.05887628338826837	0.9994877403330922	0.9956323202471391	0.9947198595688017	0.3381767499097401	0.9858833987321599	0.9952521287992122	0.5243430417708426
NM_001001803	0.005501433067653553	0.021695589777484047	7.209156187476892e-05	76.31174751367095	0.00548321307921227	0.9588661405041308	0.9835066470818726	0.9728531527093203	0.6491239963445159	0.9167804953988874	0.620981829558836	0.9974011622069457	0.9908749367930633	0.11265870720581415	0.9688458842133031	0.9988732276162694	0.9941331406877795
NM_001001804	0.033989664947954405	9.522089668468253e-06	0.08005555381649342	0.4245759766507505	4.042369707048582e-06	0.7913517802703811	0.43468068442585966	0.676058953959706	0.30515521110533034	0.6892569117991519	0.2942298943100995	0.6199312267014204	0.2325809774164777	0.27825441603188444	0.2982376085364559	0.5281457064148931	0.5673974987209008
NM_001001805	0.0001691782446280958	0.022884994484716693	2.5383957151320886e-05	6.664770335829707	0.00016899080061343356	0.747431277850699	0.18016501855823544	0.8259489187434269	0.7108121839277556	0.833934054874391	0.5670098967007849	0.8261409182169328	0.9984453798771042	0.3049400341219334	0.7260541326262386	0.7093241842797973	0.8505076689588419
NM_001001806	0.062290679377609244	0.08886937181208923	9.263896046111993e-05	672.4026162162334	0.062225814119575534	0.9678993872237089	0.8762250415324917	0.6029454284836625	0.7082952244877703	0.6668613562382312	0.6960597225815268	0.6446237700352577	0.3516497712188171	0.9094256217621093	0.9874734039173667	0.02698639469309873	0.17117739296244489
NM_001001807	0.10169496990525821	9.655123999859905e-06	0.3511881825548959	0.28957400891290463	2.7957960991064847e-06	0.9718193573835517	0.5838522271920221	0.9252551301060211	0.9138143763721241	0.8133937674669708	0.045624662197280626	0.8241138675704832	0.981252574190558	0.9588974154183435	0.9694035310818898	0.9838289555178794	0.9468966282362469
NM_001001808	0.03896136815390223	6.697732556273995e-06	0.10443138224998803	0.3730810347854674	2.4986367421249337e-06	0.997248600628793	0.9982359672634676	0.9829548479392624	0.6171934006376536	0.9999376568977631	0.3737991126944814	0.9999460350182202	0.03948357350250252	0.4786531034800176	0.9995204132229936	0.9653521771223449	0.9984381977415789
NM_001001809	0.02218440013789931	3.3015590390100294e-05	0.26960877807672695	0.08228367153381755	2.716311362722879e-06	0.9999842301243775	0.9979605425001822	0.99991636374382	0.09979159419937947	0.996316355621838	0.32356863642672956	0.9999809539707524	0.9939632797063099	0.9999388708413716	0.9997223088935526	0.5462464892518765	0.9997209380835114
NM_001001810	0.01290338014344718	0.0008691418610448542	0.0005709711554161126	22.59900525805625	0.007787491470082738	0.764697101509613	0.42166876796117403	0.1489513566833817	0.29065850224572504	0.8747408494318579	0.4434054208916432	0.2542487662905415	0.15905841707522939	0.2603942477133177	0.6505337709519547	0.501776434702722	0.5356088819378263
NM_001001880	0.021391850453346305	8.58815050093577e-06	0.1602409624141827	0.13349801530805672	1.1464396033528546e-06	0.9999550995417869	0.9999955881461384	0.9989824060667178	0.02518818094189775	0.9999969559117513	0.3096365475623189	0.9979669259801444	0.9941049116648608	0.9970433530290012	0.998891982233228	0.5353330652970254	0.9998963623060391
NM_001001881	0.02011136971892695	9.022920948694078e-08	0.25179941238607034	0.07987059830025052	7.2066583634635845e-09	0.9992149935803141	0.9981725899133701	0.9998410495773984	0.02838731665522716	0.9999442863235397	0.2866049942280131	0.995750036521459	0.9838596771027285	0.999959147690978	0.9955867386220858	0.5437674065580523	0.9999962123489906
NM_001001882	0.06799148881192509	1.1457727756279753e-06	2.902170811143164	0.023427803956564245	2.6842929368631572e-08	0.9986172183323723	0.9938244494152747	0.9881729301268876	0.9998913062132109	0.5750031115546061	0.9766446990792015	0.9975356637928559	0.9999532066052235	0.9990738677596342	0.9999959841356005	0.9971979512848904	0.9992315352151295
NM_001001883	0.009842831971701589	3.427286488646822e-06	0.40629709907891015	0.0242257008332465	8.302771677016137e-08	0.9766574680138636	0.9980075202492401	0.9902790575872206	0.9993239624921044	0.9994509319606435	0.17035319787846057	0.9920668062572784	0.9999950124796316	0.999899924090416	0.9900176488306289	0.9977454896483166	0.9880313505518378
NM_001001884	0.02204860826263684	0.041026019268836346	1.1605469568376724e-06	18998.462865058216	0.022047984567678116	0.7433425459953583	0.6102743662099308	0.5214884849365273	0.6569484456200322	0.04965652549558898	0.9819955489461553	0.580914762523063	0.42214737740760566	0.013156714272957604	0.048363924417637	0.9848745585746851	0.543008520816566
NM_001001885	0.024506463779604706	0.17943965837267337	1.8881572712016695e-07	129790.37368009177	0.024506437992657996	0.7614620239356772	0.9786693578848354	0.612925203738228	0.298879600519908	0.8842687372660573	0.04054099042811784	0.5305614266776638	0.5833618260524027	0.16352539376617467	1.5226046598199516e-05	0.07947829437172331	0.08352037500526167
NM_001001892	0.00024177971909116643	7.226075031554094e-08	0.24745532506215515	0.0009770641186664173	7.060336570396236e-11	0.9459210093351031	0.8778098341314127	0.6378129284871236	0.669334497763575	0.7882444105565667	0.48302136941106494	0.4225901395680314	0.44193131177863737	0.3300176471885544	0.3713895052447681	0.7366876399662559	0.7908447913310012
NM_001001932	0.00048751196711711273	2.7452256566388e-05	0.19494076629939835	0.002500821025646175	6.864351379731088e-08	0.7519418218522825	0.999580604781846	0.9999982823869087	0.9903220418258253	0.6866837768889122	0.4736925117840737	0.9987004953138048	0.6151728554938228	0.9998562320192919	0.4797141761038981	0.9768059276196707	0.7175912109110799
NM_001001979	0.00045210708956709965	0.02945303239988019	7.293778340231293e-07	619.8530699422967	0.000452095893819262	0.9046103898924731	0.9499746955729671	0.016398483648123362	0.6498070963372877	0.9999954158948563	0.8644815856736504	0.527856538140826	0.9960715796564114	0.9710897930923763	0.9575219301881462	0.6734428178768898	0.9989605467331893
NM_001001980	0.06371950886405327	1.3704960197326533e-06	0.10683309383285856	0.5964397976131167	8.174078826162017e-07	0.642429532409696	0.9856469262153958	0.3736632317172261	0.9563770798258262	0.9892974622246585	0.015895708154490013	0.7014901850924279	0.9942249345905589	0.13878520559191368	0.6514976276015431	0.24432233474852755	0.9919886024267709
